Template: NONE
DangerType: Rain
RainIntensity: 0.4891304
RumbleIntensity: 0.2391304
WaveSpeed: 0.5014237
WaveLength: 0.9992881
WaveAmplitude: 0.001604855
SecondWaveLength: 0.1666667
SecondWaveAmplitude: 0
Grime: 0.1521739
Palette: 13002
Effects: SkyBloom-0.75-42-124, LightBurn-0.5-40-72, Bloom-1-37-17, SandPuffs-0.1086956-295-126, Dustpuffs-0.2065217-297-74, Fog-0.3043478-298-17, 
PlacedObjects: MultiplayerItem><350.6312><97.16089><Rock~-130.6795~248~0.1195653, MultiplayerItem><959.1871><475.4295><Spear~-103.6796~97~0.173913, MultiplayerItem><983.1501><474.3679><Spear~-129.6794~172~0.1195652, MultiplayerItem><228.0464><475.6945><Spear~-117.6795~28~0.173913, MultiplayerItem><190.8054><481.5462><Spear~-82.6795~170~0.1630435, MultiplayerItem><161.8079><477.5558><Spear~-52.6795~99~0.1521739, MultiplayerItem><1013.996><110.3><Spear~-13.67957~162~0.2391304, MultiplayerItem><1030.142><118.3595><Rock~-38.67944~222~0.25, MultiplayerItem><890.8021><82.52905><Spear~-154.6795~119~0.1304342, MultiplayerItem><832.928><83.68658><Bomb~-96.6795~191~0.04347889, MultiplayerItem><777.1999><81.49353><Rock~-41.6795~265~0.1086956, MultiplayerItem><667.8011><119.5212><Spear~-193.6795~297~0.1304348, MultiplayerItem><611.9246><117.3148><Spear~-131.6795~82~0.1195652, MultiplayerItem><172.1835><137.5795><Spear~-207.6795~134~0.3804348, MultiplayerItem><139.1818><156.5834><Rock~-172.6795~184~0.3586953, MultiplayerItem><554.9324><116.3118><Spear~-79.6795~153~0.1521739, MultiplayerItem><490.8199><124.4131><ExplosiveSpear~-14.6795~218~0.07608695, MultiplayerItem><297.9597><96.30408><Spear~-76.6795~99~0.1847827, MultiplayerItem><407.1941><105.4518><Bomb~-187.6795~164~0.0326087, MultiplayerItem><911.3357><473.3859><Spear~-49.6795~25~0.1195652, 
