Template: NONE
DangerType: Rain
RainIntensity: 0.4891304
RumbleIntensity: 0.2391304
WaveSpeed: 0.5014237
WaveLength: 0.9992881
WaveAmplitude: 0.001604855
SecondWaveLength: 0.1666667
SecondWaveAmplitude: 0
Grime: 0.1521739
Palette: 13002
EffectColorA: 13
Effects: SkyBloom-0.75-42-124, LightBurn-0.5-40-72, Bloom-1-37-17, SandPuffs-0.1086956-295-126, Dustpuffs-0.2065217-297-74, Fog-0.3043478-298-17, 
PlacedObjects: MultiplayerItem><351.6312><114.1609><Rock~-131.6795~237~0.1195653, MultiplayerItem><959.1871><475.4295><Spear~-103.6796~97~0.173913, MultiplayerItem><983.1501><474.3679><Spear~-129.6794~172~0.1195652, MultiplayerItem><228.0464><475.6945><Spear~-117.6795~28~0.173913, MultiplayerItem><190.8054><481.5462><Spear~-82.6795~170~0.1630435, MultiplayerItem><161.8079><477.5558><Spear~-52.6795~99~0.1521739, MultiplayerItem><1024.996><177.3><Spear~-19.67957~-174~0.2391304, MultiplayerItem><1039.142><268.3595><Rock~-39.67944~-194~0.25, MultiplayerItem><890.8021><96.52905><Spear~-154.6795~119~0.1304342, MultiplayerItem><831.928><100.6866><Bomb~-96.6795~191~0.04347889, MultiplayerItem><739.1999><91.49353><Rock~-4.679504~275~0.1086956, MultiplayerItem><691.8011><252.5212><Spear~-216.6795~354~0.1304348, MultiplayerItem><608.9246><243.3148><Spear~-135.6795~146~0.1195652, MultiplayerItem><116.1835><289.5795><Spear~-78.6795~-218~0.3804348, MultiplayerItem><121.1818><215.5834><Rock~-84.6795~-220~0.3586953, MultiplayerItem><488.9324><248.3118><Spear~-18.6795~210~0.1521739, MultiplayerItem><394.8199><251.4131><ExplosiveSpear~77.3205~282~0.07608695, MultiplayerItem><285.9597><112.3041><Spear~-67.6795~98~0.1847827, MultiplayerItem><407.1941><116.4518><Bomb~-187.6795~164~0.0326087, MultiplayerItem><911.3357><473.3859><Spear~-49.6795~25~0.1195652, 
